4738804.483035454
33716497.142041355
27113761.94861372
121081525.5315391
7906290.225401562
9150314.997086318
44026259.94693985
7051412.96805672
34330277.99848966
38475638.59332946
11262958.822802322
10856218.562227614
14097008.964893712
9468939.141916476
88031158.26350145
12112692.483058888
9567623.58840848
24676987.94297984
9297828.219855191
58392643.40667887
5912114.6412299145
63383343.33967352
24676987.94297984
87851883.85122904
24676987.94297984
87851883.85122904
28228367.508075215
38475638.59332946
38475638.59332946
64050291.45810346
88031158.26350145
38475638.59332946
28228367.508075215
87851883.85122904
41672630.65977825
64050291.45810346
40602439.47578272
77954030.56611755
28700682.525936037
48811793.4524756
